aim near an enemy and shoot(you will hear a sound when you locked onto an enemy). projectile will follow enemy and kill most of them in 1 hit


1.)REPLACE THIS
44 4E 41 4D 94 00 7D F2 1C 00 CD CC 4C 3F 00 00 80 3F 00 00 00 00 00 00 80 3F 00 00 80 3F 00 00 80 43 00 00 80 43 00 00 00 00 00 00 00 3F 00 00 00 00 00 00 00 3F 00 00 00 00 00 00 00 00 00 00 00 00 02 01 01 00 0C 00 09 00 00 70 41 00 00 90 41 E1 00 00 00 03 00 03 00 00 00 00 00 00 00 00 00 00 00 00 00 00 00 CD DA 01 00 00 00 00 00 3B 2B 04 00 3C 2B 04 00 00 00 00 00 00 55 55 55 3F 00 00 00 00 F0 41 00 00 00 00 00 00 00 00 01 00 00 00 FF FF 7F 7F 64 00 00 00 52 47 57 33 35 00 00 00 00 00 05 93 08 3D 00 00 80 3F 00 00 80 3F 9A 99 19 3E 15 00 A0 40 00 00 00 00 9A 99 99 3E 9A 99 99 3E 00 00 80 3E 00 00 80 3F 00 00 00 00 00 00 00 00 01
WITH THIS
44 4E 41 4D 94 00 7D F2 1C 00 00 00 C8 41 00 00 C8 41 00 00 00 00 00 00 80 3F 00 00 80 3F 00 00 80 43 00 00 80 43 00 00 00 00 00 00 00 00 00 00 00 00 00 00 00 3F 00 00 00 00 00 00 00 00 00 00 00 00 02 01 01 00 0C 00 09 00 00 70 41 00 00 90 41 E1 00 00 00 03 00 03 00 00 00 00 00 00 00 00 00 00 00 00 00 00 00 CD DA 01 00 00 00 00 00 3B 2B 04 00 3C 2B 04 00 00 00 00 00 00 00 00 00 00 00 00 00 00 F0 41 00 00 00 00 00 00 00 00 01 00 00 00 FF FF 7F 7F 64 00 00 00 52 47 57 33 35 00 00 00 00 00 00 00 00 00 00 00 80 3F 00 00 80 3F 9A 99 19 3E 00 00 00 00 00 00 00 00 00 00 00 00 00 00 00 00 00 00 00 00 00 00 80 3F 00 00 00 00 00 00 00 00 FF


2.)REPLACE THIS
44 4E 41 4D 5D 00 0A 00 01 00 9A 99 19 3F 00 80 ED 44 00 E0 AB 46 00 00 00 00 29 4B 00 00 00 00 00 00 00 00 00 00 E6 B8 06 00 F0 B8 06 00 CD CC 4C 3D 00 00 00 3F 00 00 A0 40 00 00 00 00 00 00 00 00 34 26 18 00 00 00 00 00 00 00 A0 40 00 00 00 3F 00 00 80 3E 00 00 00 00 00 00 00 00 00 00 00 00 00
WITH THIS
44 4E 41 4D 5D 00 02 20 01 00 00 00 00 00 00 C8 D9 45 00 50 43 47 00 00 00 00 00 00 00 00 00 00 00 00 00 00 00 00 97 0B 3E 00 00 00 00 00 00 00 00 00 00 00 00 00 00 00 C8 41 00 00 00 00 00 00 00 00 34 26 18 00 00 00 00 00 00 00 A0 40 00 00 C8 42 00 00 00 00 00 00 00 00 00 00 00 00 00 00 00 00 00
