AUTOMATIC, FIRE RATE, RELOAD SPEED, NO SPREAD
 
1.)REPLACE THIS
44 4E 41 4D 94 00 78 F2 01 00 00 00 80 3F 00 00 80 3F 00 00 00 00 00 00 80 3F 00 00 80 3F 00 00 80 43 00 00 80 43 00 00 00 00 00 00 80 3E 00 00 00 00 00 00 00 3F 00 00 00 00 00 00 00 00 00 00 00 00 00 01 00 00 14 00 09 00 00 70 41 00 00 00 41 69 00 00 00 1E 00 00 00 00 00 00 00 00 00 00 00 00 00 00 00 00 00 CD DA 01 00 00 00 00 00 00 00 00 00 AC 26 15 00 00 00 00 00 00 AB AA 2A 3F 00 00 00 00 00 42 00 00 00 00 00 00 00 00 01 00 00 00 FF FF 7F 7F 64 00 00 00
 
WITH THIS
 
44 4E 41 4D 94 00 78 F2 01 00 00 00 C8 41 00 00 C8 41 00 00 C8 42 00 00 80 3F 00 00 80 3F 00 00 80 43 00 00 80 43 00 00 00 00 00 00 00 00 00 00 00 00 00 00 00 3F 00 00 00 00 00 00 00 00 00 00 00 00 00 80 00 00 E6 03 09 00 00 70 41 00 00 00 41 69 00 00 00 1E 00 02 00 00 00 00 00 00 00 00 00 00 00 00 00 00 00 CD DA 01 00 00 00 00 00 00 00 00 00 AC 26 15 00 00 00 00 00 00 00 00 00 00 00 00 00 00 00 42 00 00 00 00 00 00 00 00 04 00 00 00 FF FF 7F 7F FF FF FF FF
 
2.)REPLACE THIS
44 4E 41 4D 40 00 00 00 80 40 00 00 00 41 00 00 80 3F 00 00 A0 40 01 00 00 00 CD CC 4C 3F 00 00 96 43 00 00 80 3F 00 00 80 3F 00 00 00 3F 00 00 80 3F 05 00 00 00 00 00 34 43 00 00 70 41 CD CC CC 3E 00 00 80 3F
 
WITH THIS
44 4E 41 4D 40 00 CD CC CC 3D CD CC CC 3D 00 00 00 00 00 00 C8 42 0F 00 00 00 00 00 00 00 CD CC CC 3D CD CC CC 3D 00 00 00 00 00 00 00 00 00 00 00 00 01 00 00 00 CD CC CC 3D CD CC CC 3D 00 00 00 00 00 00 C8 42
