1.)REPLACE THIS
57 D7 15 00 B3 AD 03 00 86 2A 09 00 86 F7 0C 00 2E 19 0D 00 EA 4A 0F 00 B2 DB 14 00 06 35 19 00 0A D4 03 00 65 57 22 00 D2 FD 18 00 39 84 33 00 C8 A7 33 00 87 FD 3C 00
 
WITH THIS
A2 B4 0E 00 9B C8 10 00 12 AB 33 00 B1 17 51 00 EA 4A 0F 00 23 AB 33 00 5B 59 5A 00 A6 D1 60 00 CE AF 50 00 19 AB 33 00 1D AB 33 00 1A AB 33 00 D4 14 62 00 A5 A0 04 00
 
-------------
 
2.)REPLACE THIS
80 3F 00 00 80 3F 00 00 00 00 00 00 80 3F 00 00 80 3F 00 00 80 43 00 00 80 43 00 00 00 00 9A 99 19 3E 00 00 00 00 00 00 00 3F 03 00 00 00 00 00 00 00 00 00 00 00 01 09 00 00 01 00 09 00 00 70 41 00 00 80 40 4B 00 00 00 01 00 02 00 00 00 00 00 00 00 00 00 00 00 00 00 00 00 CD DA 01 00 00 00 00 00 00 00 00 00 AC 26 15 00 00 00 00 00 00 9A 99 99 3E
 
WITH THIS
A0 41 00 00 A0 41 00 00 00 00 00 00 80 3F 00 00 80 3F 00 00 80 43 00 00 80 43 00 00 00 00 6F 12 83 3A 00 00 00 00 00 00 00 3F 03 00 00 00 00 00 00 00 00 00 00 00 01 81 00 00 E6 03 06 00 00 70 41 00 00 80 40 4B 00 00 00 01 00 02 00 00 00 00 00 00 00 00 00 00 00 00 00 00 00 CD DA 01 00 00 00 00 00 00 00 00 00 AC 26 15 00 00 00 00 00 00 6F 12 83 3A
