THIS ONLY WORKS FOR M79 WITH SHORT BARREL AND STANDARD RECEIVER!
 
aim near an enemy and shoot(you will hear a sound when you locked onto an enemy). projectile will follow enemy and kill most of them in 1 hit
 
1.)REPLACE THIS
44 4E 41 4D 94 00 7D F2 1C 00 00 00 80 3F 00 00 80 3F 00 00 00 40 00 00 80 3F 00 00 80 3F 00 00 80 43 00 00 80 43 00 00 00 00 00 00 00 00 00 00 00 00 CD CC CC 3D 00 00 00 00 00 00 00 00 00 00 00 00 02 01 00 03 01 00 09 00 00 70 41 00 00 C0 40 1E 00 00 00 03 00 00 00 00 00 00 00 00 00 00 00 00 00 00 00 00 00 CD DA 01 00 00 00 00 00 C7 1F 23 00 AC 26 15 00 C8 1F 23 00 64 00 00 80 3F 00 00 00 00 F0 41 00 00 00 00 00 00 00 00 01 00 00 00 FF FF 7F 7F 64 00 00 00
WITH THIS
44 4E 41 4D 94 00 7D F2 1C 00 00 00 C8 41 00 00 C8 41 00 00 C8 42 00 00 80 3F 00 00 80 3F 00 00 80 43 00 00 80 43 00 00 00 00 00 00 00 00 00 00 00 00 CD CC CC 3D 00 00 00 00 00 00 00 00 00 00 00 00 02 00 40 03 E6 03 09 00 00 70 41 00 00 C0 40 1E 00 00 00 03 00 02 00 00 00 00 00 00 00 00 00 00 00 00 00 00 00 CD DA 01 00 00 00 00 00 C7 1F 23 00 AC 26 15 00 C8 1F 23 00 64 00 00 00 00 00 00 00 00 F0 41 00 00 00 00 00 00 00 00 01 00 00 00 FF FF 7F 7F 64 00 00 00
 
 
2.)REPLACE THIS
44 41 54 41 47 00 01 00 00 00 01 00 00 00 00 00 57 45 41 50 00 00 04 40 02 00 03 00 00 00 9D 24 02 00 9F 24 02 00 FE 7A 14 00 00 00 00 00 39 45 5E 00 00 00 01 04 00 00 00 02 00 00 00 1F 00 00 00 38 30 16 00 02 00 00 00 00 00 00 00
WITH THIS
44 41 54 41 47 00 01 00 00 00 01 00 00 00 00 00 57 45 41 50 00 00 04 40 02 00 03 00 00 00 9D 24 02 00 9F 24 02 00 FE 7A 14 00 00 00 00 00 39 45 5E 00 00 00 01 01 00 00 00 01 00 00 00 33 00 00 00 00 00 C8 42 00 00 C8 42 00 00 00 00
 
 
3.)REPLACE THIS
44 41 54 41 52 00 02 00 00 00 01 00 00 00 00 00 57 45 41 50 00 00 9D 24 02 00 04 00 00 00 9C 24 02 00 E1 B6 04 00 99 24 02 00 4C 9B 17 00 00 00 00 00 FD AB 27 00 00 00 01 18 44 52 00 00 00 01 04 00 00 00 02 00 00 00 1F 00 00 00 2C F6 04 00 02 00 00 00 00 00 00 00
WITH THIS
44 41 54 41 52 00 02 00 00 00 01 00 00 00 00 00 57 45 41 50 00 00 9D 24 02 00 04 00 00 00 9C 24 02 00 E1 B6 04 00 99 24 02 00 4C 9B 17 00 00 00 00 00 FD AB 27 00 00 00 01 18 44 52 00 00 00 01 01 00 00 00 01 00 00 00 33 00 00 00 00 00 C8 42 00 00 C8 42 00 00 00 00
 
 
4.)REPLACE THIS
44 4E 41 4D 5D 00 0A 00 01 00 9A 99 19 3F 00 80 ED 44 00 E0 AB 46 00 00 00 00 29 4B 00 00 00 00 00 00 00 00 00 00 E6 B8 06 00 F0 B8 06 00 CD CC 4C 3D 00 00 00 3F 00 00 A0 40 00 00 00 00 00 00 00 00 34 26 18 00 00 00 00 00 00 00 A0 40 00 00 00 3F 00 00 80 3E 00 00 00 00 00 00 00 00 00 00 00 00 00
WITH THIS
44 4E 41 4D 5D 00 02 20 01 00 9A 99 19 3F 00 A0 D7 45 00 E0 AB 46 00 00 00 00 29 4B 00 00 00 00 00 00 00 00 00 00 E6 B8 06 00 3D EE 54 00 CD CC 4C 3D 00 00 00 3F 00 00 A0 40 00 00 00 00 00 00 00 00 34 26 18 00 00 00 00 00 00 00 A0 40 00 00 00 3F 00 00 80 3E 00 00 00 00 00 00 00 00 00 00 00 00 00
