ARE YOU TIRED OF WASTING AMMO AND MATERIALS FOR A FIGHT?, WELL THEN SIMPLY TURN YOUR THROWING KNIFE INTO A DEADLY UNBREAKABLE MELEE WEAPON :)
 
use HxD option replace ALL
 
1.)REPLACE THIS
44 4E 41 4D 94 00 00 00 00 00 00 00 80 3F 00 00 80 3F 00 00 00 00 00 00 80 3F 00 00 80 3F 00 00 80 43 00 00 80 43 00 00 00 00 00 00 00 00 00 00 00 00 00 00 80 3F 01 00 00 00 00 00 00 00 00 00 00 00 00 01 00 00 00 00 0A 00 00 40 40 00 00 80 3E 01 00 00 00 4B 00 04 00 00 00 30 C7 03 00 A8 C2 51 00 00 00 00 00 00 00 00 00 00 00 00 00 AF 98 24 00 AC 26 15 00 00 00 00 00 00 AB AA EA 3F 00 00 00 00 A0 41 00 00 00 00 00 00 00 00 01 00 00 00 FF FF 7F 7F 00 00 00 00
 
WITH THIS
44 4E 41 4D 94 00 00 00 00 00 00 00 C8 41 00 00 C8 41 00 00 00 00 00 00 80 3F 00 00 80 3F 00 00 80 43 00 00 80 43 00 00 00 00 00 00 00 00 00 00 00 00 00 00 80 3F 01 00 00 00 00 00 00 00 00 00 00 00 00 80 00 00 00 00 00 00 00 40 40 00 00 80 3E 01 00 00 00 4B 00 02 00 00 00 30 C7 03 00 A8 C2 51 00 00 00 00 00 00 00 00 00 00 00 00 00 AF 98 24 00 AC 26 15 00 00 00 00 00 00 00 00 00 00 00 00 00 00 A0 41 00 00 00 00 00 00 00 00 01 00 00 00 FF FF 7F 7F 00 00 00 00
 
 
2.)REPLACE THIS
45 54 59 50 04 00 AC 6A 04 00
 
WITH THIS
45 54 59 50 04 00 4D 33 04 00
 
 
3.)REPLACE THIS
4B 57 44 41 18 00 EA 4A 0F 00 15 C4 10 00 DC A8 05 00 68 FD 3C 00 A6 A0 04 00 1C AB 33 00
 
WITH THIS
4B 57 44 41 18 00 00 5D 18 00 1B AB 33 00 EA 4A 0F 00 12 AB 33 00 53 64 22 00 00 00 00 00
