TUNRS YOUR PIPE BOLT ACTION GUN INTO A MODDED UNBREAKABLE MELEE WEAPON
 
 
1.)REPLACE THIS
4B 57 44 41 4C 00 EA 4A 0F 00 B3 AD 03 00 86 2A 09 00 86 F7 0C 00 2E 19 0D 00 B3 DB 14 00 F0 64 04 00 63 DC 01 00 1A 50 02 00 06 35 19 00 0A D4 03 00 78 9E 1C 00 5D 32 1E 00 39 84 33 00 A0 A0 04 00 C8 A7 33 00 9B C8 10 00 F5 F5 5F 00 D7 14 62 00
 
WITH THIS
4B 57 44 41 4C 00 5E 40 02 00 0E 24 05 00 00 00 00 00 9B C8 10 00 80 38 12 00 00 5D 18 00 79 9E 1C 00 53 64 22 00 26 03 23 00 EA 4A 0F 00 9B C8 10 00 12 AB 33 00 1B AB 33 00 8A 0E 3D 00 B1 17 51 00 A6 D1 60 00 00 00 00 00 00 00 00 00 D4 14 62 00
 
 
2.)REPLACE THIS
44 4E 41 4D 94 00 6B F6 01 00 00 00 80 3F 00 00 80 3F 00 00 00 00 00 00 80 3F 00 00 80 3F 00 00 80 43 00 00 80 43 00 00 00 00 9A 99 19 3E 00 00 00 00 00 00 80 3E 00 00 00 00 00 00 00 00 00 00 00 00 00 01 40 00 06 00 09 00 00 20 41 00 00 40 40 23 00 00 00 22 00 00 00 00 00 00 00 00 00 00 00 00 00 00 00 00 00 CD DA 01 00 00 00 00 00 00 00 00 00 AC 26 15 00 00 00 00 00 00 9A 99 99 3E 00 00 00 00 A0 41 00 00 00 00 00 00 00 00 01 00 00 00 FF FF 7F 7F 64 00 00 00
 
WITH THIS
44 4E 41 4D 94 00 00 00 00 00 00 00 C8 41 00 00 C8 41 00 00 00 00 00 00 80 3F 00 00 80 3F 00 00 80 43 00 00 80 43 00 00 00 00 00 00 00 00 00 00 00 00 00 00 80 3E 00 00 00 00 00 00 00 00 00 00 00 00 00 81 00 00 00 00 00 00 00 20 41 00 00 40 40 23 00 00 00 22 00 02 00 00 00 00 00 00 00 00 00 00 00 00 00 00 00 CD DA 01 00 00 00 00 00 00 00 00 00 AC 26 15 00 00 00 00 00 00 00 00 00 00 00 00 00 00 A0 41 00 00 00 00 00 00 00 00 01 00 00 00 FF FF 7F 7F 64 00 00 00
