USE REPLACE ALL FUNCTION!


WHEN INGAME: TO MAKE IT WORK FIRST EQUIP A NORMAL GUN AND THEN SWITCH TO THE GRENADE



REPLACE THIS (<<<<<-THIS IS ALSO USED BY THROWING KNIFE GUN AND OTHER DUPES, so if you already replaced this one from another mod, then skip it)
45 54 59 50 04 00 AC 6A 04 00
WITH THIS
45 54 59 50 04 00 45 3F 01 00


REPLACE THIS
4B 57 44 41 28 00 EA 4A 0F 00 8D 96 21 00 22 C9 04 00 6A C4 1C 00 A6 A0 04 00 15 C4 10 00 7D FD 3C 00 58 B7 43 00 FF CE 43 00 A9 EF 56 00
WITH THIS
4B 57 44 41 28 00 65 84 01 00 D4 87 01 00 EA 4A 0F 00 B4 AD 03 00 6A C4 1C 00 86 2A 09 00 54 64 22 00 C8 A7 33 00 86 CC 34 00 A9 EF 56 00


REPLACE THIS
44 4E 41 4D 94 00 00 00 00 00 00 00 80 3F 00 00 80 3F 00 00 00 00 00 00 80 3F 00 00 80 3F 00 00 7A 44 00 00 FA 44 00 00 00 00 00 00 00 00 00 00 00 00 00 00 80 3F 00 00 00 00 00 00 00 00 00 00 00 00 00 01 00 08 00 00 0A 00 00 40 40 00 00 00 3F 1E 00 00 00 00 00 02 00 00 00 00 00 00 00 A9 58 24 00 00 00 00 00 CD DA 01 00 00 00 00 00 00 00 00 00 AC 26 15 00 00 00 00 00 00 AB AA EA 3F 00 00 00 00 A0 41 00 00 00 00 00 00 00 00 02 00 00 00 FF FF 7F 7F 00 00 00 00
WITH THIS
44 4E 41 4D 94 00 00 00 00 00 00 00 80 3F 00 00 80 3F 00 00 00 00 00 00 80 3F 00 00 80 3F 00 00 7A 44 00 00 FA 44 00 00 00 00 00 00 00 00 00 00 00 00 00 00 80 3F 00 00 00 00 00 00 00 00 00 00 00 00 00 81 00 00 00 00 09 00 00 40 40 00 00 00 3F 1E 00 00 00 00 00 02 00 00 00 00 00 00 00 A9 58 24 00 00 00 00 00 CD DA 01 00 00 00 00 00 00 00 00 00 AC 26 15 00 00 00 00 00 00 00 00 00 00 00 00 00 00 A0 41 00 00 00 00 00 00 00 00 02 00 00 00 FF FF 7F 7F 00 00 00 00
