THIS IS THE REAL XP FARM :)

+ ADDED BEAM SPLITTER SCRIPT AND INCREASED SPREAD, TO MAKE SURE YOU HIT EVERY ENEMY.


1.)REPLACE THIS
44 4E 41 4D 94 00 6B 50 18 00 00 00 80 3F 00 00 80 3F 00 00 00 00 00 00 80 3F 00 00 80 3F 00 00 80 43 00 00 80 43 00 00 00 00 9A 99 19 3E 00 00 00 00 00 00 00 3F 03 00 00 00 00 00 00 00 00 00 00 00 01 09 00 00 01 00 09 00 00 70 41 00 00 80 40 4B 00 00 00 01 00 02 00 00 00 00 00 00 00 00 00 00 00 00 00 00 00 CD DA 01 00 00 00 00 00 00 00 00 00 AC 26 15 00 00 00 00 00 00 9A 99 99 3E 00 00 00 00 0C 42 00 00 00 00 00 00 00 00 01 00 00 00 FF FF 7F 7F 64 00 00 00

WITH THIS
44 4E 41 4D 94 00 6B 50 18 00 00 00 C8 41 00 00 C8 41 00 00 00 00 00 00 80 3F 00 00 80 3F 00 00 80 43 00 00 80 43 00 00 00 00 00 00 00 00 00 00 00 00 00 00 00 3F 03 00 00 00 00 00 00 00 00 00 00 00 01 81 00 00 02 00 09 00 00 70 41 00 00 80 40 4B 00 00 00 01 00 02 00 00 00 00 00 00 00 00 00 00 00 00 00 00 00 CD DA 01 00 00 00 00 00 00 00 00 00 AC 26 15 00 00 00 00 00 00 00 00 00 00 00 00 00 00 0C 42 00 00 00 00 00 00 00 00 01 00 00 00 FF FF 7F 7F 64 00 00 00



2.)REPLACE THIS
52 47 57 33 35 00 00 00 00 00 9A 99 99 3E 33 33 33 3F 00 00 00 3F CD CC 4C 3E 00 00 20 41 00 00 00 00 9A 99 19 3E 9A 99 19 3E 00 00 80 3E 00 00 80 3F 00 00 00 00 00 00 00 00 01

WITH THIS
52 47 57 33 35 00 00 00 00 00 00 00 00 00 00 00 00 00 00 00 00 00 00 00 00 00 00 00 00 00 00 00 00 00 00 00 00 00 00 00 00 00 00 00 00 00 00 00 80 3F 00 00 00 00 00 00 00 00 FF



3.)REPLACE THIS
44 41 54 41 47 01 01 00 00 00 0C 00 00 00 00 00 57 45 41 50 00 00 9D 24 02 00 01 00 00 00 9C 24 02 00 00 00 00 00 FA AB 27 00 00 00 01 01 00 00 00 01 00 00 00 2F 00 00 00 CD CC CC BE 00 00 00 00 00 00 00 00 01 00 00 00 01 00 00 00 22 00 00 00 00 00 00 3F 00 00 00 00 00 00 00 00 01 00 00 00 01 00 00 00 21 00 00 00 00 00 80 3F 00 00 00 00 00 00 00 00 01 00 00 00 01 00 00 00 29 00 00 00 9A 99 19 BE 00 00 00 00 00 00 00 00 01 00 00 00 01 00 00 00 2A 00 00 00 9A 99 19 BE 00 00 00 00 00 00 00 00 01 00 00 00 01 00 00 00 4F 00 00 00 CD CC CC 3D 00 00 00 00 00 00 00 00 01 00 00 00 01 00 00 00 53 00 00 00 8F C2 F5 3C 00 00 00 00 00 00 00 00 01 00 00 00 01 00 00 00 1E 00 00 00 00 00 00 3F 00 00 00 00 00 00 00 00 01 00 00 00 01 00 00 00 1D 00 00 00 CD CC 4C 3E 00 00 00 00 00 00 00 00 04 00 00 00 02 00 00 00 41 00 00 00 3A 65 3C 00 01 00 00 00 00 00 00 00 04 00 00 00 02 00 00 00 1F 00 00 00 2C F6 04 00 02 00 00 00 00 00 00 00 04 00 00 00 02 00 00 00 1F 00 00 00 34 65 3C 00 02 00 00 00 00 00 00 00

WITH THIS
44 41 54 41 47 01 01 00 00 00 0C 00 00 00 00 00 57 45 41 50 00 00 9D 24 02 00 01 00 00 00 9C 24 02 00 00 00 00 00 FA AB 27 00 00 00 01 01 00 00 00 01 00 00 00 33 00 00 00 00 00 C8 42 00 00 C8 42 00 00 00 00 01 00 00 00 01 00 00 00 33 00 00 00 00 00 C8 42 00 00 C8 42 00 00 00 00 04 00 00 00 02 00 00 00 1F 00 00 00 2C F6 04 00 02 00 00 00 00 00 00 00 04 00 00 00 02 00 00 00 1F 00 00 00 34 65 3C 00 02 00 00 00 00 00 00 00 01 00 00 00 01 00 00 00 21 00 00 00 00 00 80 3F 00 00 00 00 00 00 00 00 01 00 00 00 01 00 00 00 22 00 00 00 00 00 00 3F 00 00 00 00 00 00 00 00 01 00 00 00 01 00 00 00 29 00 00 00 9A 99 19 BE 00 00 00 00 00 00 00 00 01 00 00 00 01 00 00 00 2A 00 00 00 9A 99 19 BE 00 00 00 00 00 00 00 00 01 00 00 00 01 00 00 00 2F 00 00 00 CD CC CC BE 00 00 00 00 00 00 00 00 04 00 00 00 02 00 00 00 41 00 00 00 3A 65 3C 00 E7 03 00 00 00 00 00 00 01 00 00 00 01 00 00 00 4F 00 00 00 CD CC CC 3D 00 00 00 00 00 00 00 00 01 00 00 00 01 00 00 00 53 00 00 00 8F C2 F5 3C 00 00 00 00 00 00 00 00
